0,8430064, ,rail,8.8475103
1,23993957, ,rail,0.6223460
2,24318986, ,rail,0.0167170
3,24319015, ,rail,0.0771667
4,25891153, ,rail,2.8897800
5,25891254, ,rail,0.7411750
6,25891313, ,rail,9.7571697
7,30134857, ,rail,0.3298000
8,30134873, ,rail,0.0528478
9,30134874, ,rail,1.3766000
10,30135101, ,rail,0.0569004
11,30135102, ,rail,0.5264380
12,30135110, ,rail,0.0929327
13,30135112, ,rail,1.2605300
14,30135138, ,rail,0.0561144
15,30135140, ,rail,0.5149110
16,30135150, ,rail,0.0432573
17,30135155, ,rail,0.6935260
18,30135177, ,rail,0.0595962
19,30135180, ,rail,2.7655799
20,30135189, ,rail,1.9564800
21,30135234, ,rail,0.0656027
22,30135235, ,rail,2.0448201
23,30135247, ,rail,1.4889200
24,30135302, ,rail,0.0674306
25,30135303, ,rail,0.8392650
26,30135309, ,rail,0.4937640
27,30135311, ,rail,0.0564587
28,30135313, ,rail,0.4387270
29,30135314, ,rail,0.4555770
30,30135315, ,rail,0.0685054
31,30135316, ,rail,0.0397724
32,30135317, ,rail,0.1381830
33,30135350, ,rail,2.0271800
34,30135354, ,rail,0.0730779
35,30135393, ,rail,2.9682200
36,30135398, ,rail,0.0549244
37,30135401, ,rail,0.3521490
38,30135415, ,rail,3.6610701
39,30143842, ,rail,3.4023700
40,30143843, ,rail,0.0614201
41,30143847, ,rail,0.0970144
42,30143848, ,rail,0.7556810
43,30143865, ,rail,1.2749000
44,30143875, ,rail,0.0372680
45,30143876, ,rail,2.2154701
46,30143899, ,rail,0.8413090
47,30143900, ,rail,0.2804500
48,30143904, ,rail,1.5826900
49,30143905, ,rail,0.0784326
50,30143907, ,rail,0.0432103
51,30143908, ,rail,0.3725600
52,30143910, ,rail,0.0496897
53,30143911, ,rail,0.2315560
54,30143933, ,rail,0.0522340
55,30143937, ,rail,2.3571301
56,30143964, ,rail,0.0773437
57,30143966, ,rail,1.2799700
58,30144003, ,rail,0.2583890
59,30144005, ,rail,0.2609180
60,30144007, ,rail,0.6251390
61,30144489, ,rail,0.0472402
62,30144493, ,rail,6.7760000
63,30144494, ,rail,0.0608378
64,30144495, ,rail,0.0144527
65,30144514, ,rail,4.4775000
66,30145243, ,rail,0.2306750
67,30145244, ,rail,0.0919708
68,30145248, ,rail,15.8618002
69,30145276, ,rail,0.9145190
70,30145277, ,rail,0.0708535
71,30145291, ,rail,1.7184401
72,30145642, ,rail,7.8329701
73,30145644, ,rail,0.0439489
74,30145910, ,rail,18.3815994
75,30145949, ,rail,3.4814899
76,30145952, ,rail,0.3070180
77,30145957, ,rail,0.6128470
78,30145959, ,rail,0.0741600
79,30145966, ,rail,0.2567410
80,30145978, ,rail,0.9049610
81,30145992, ,rail,0.0791576
82,30145995, ,rail,3.3184199
83,30145998, ,rail,2.0928299
84,30146041, ,rail,1.0613101
85,30146045, ,rail,0.7169880
86,31964444, ,rail,1.4167399
87,34921494, ,rail,0.0899846
88,35096749, ,rail,19.3134995
89,35922417, ,rail,4.1853399
90,37869931, ,rail,0.2209500
91,37869932, ,rail,0.0916647
92,38499458, ,rail,9.0303001
93,38500232, ,rail,3.2691600
94,39679454, ,rail,1.0299100
95,39679455, ,rail,0.0431533
96,40547256, ,rail,1.2132699
97,40547262, ,rail,1.6060200
98,40547270, ,rail,0.0993984
99,40547304, ,rail,2.3898399
100,40547550, ,rail,0.3802910
101,40547597, ,rail,0.8273900
102,40551319, ,rail,0.7538750
103,40551321, ,rail,3.2367201
104,40551324, ,rail,2.6831999
105,40551325, ,rail,0.1181110
106,40551343, ,rail,0.3784280
107,40551355, ,rail,0.4515930
108,40551372, ,rail,0.1853050
109,40551404, ,rail,0.4069140
110,40551453, ,rail,0.8091580
111,40551454, ,rail,1.0705200
112,40551480, ,rail,3.2675600
113,43496008, ,rail,7.6210098
114,53546154, ,rail,32.1960983
115,53546155, ,rail,0.0290671
116,53546156, ,rail,15.0602999
117,54920573, ,rail,1.8041700
118,54920574, ,rail,0.9648520
119,54920575, ,rail,0.9641900
120,54920576, ,rail,0.9655320
121,58233164, ,rail,12.6907997
122,58403319, ,rail,0.6955260
123,69576210, ,rail,2.1800799
124,69576257, ,disused,0.3344270
125,77867850, ,rail,7.3019400
126,77867860, ,rail,0.0281896
127,89750459, ,rail,10.5153999
128,89750460, ,rail,0.0553180
129,89826508, ,rail,44.0821991
130,89826511, ,rail,0.0130836
131,89852488, ,rail,0.8170160
132,89852496, ,rail,10.1063995
133,89852538, ,rail,0.6988650
134,89852544, ,rail,0.0214482
135,90164125, ,rail,0.1393110
136,90164126, ,rail,0.0205449
137,90164157, ,rail,7.3775601
138,90164172, ,rail,2.4165399
139,90193347, ,rail,23.7681999
140,90193398, ,rail,0.0521486
141,90193407, ,rail,0.3619050
142,90193412, ,rail,11.5284004
143,90193418, ,rail,0.0393108
144,90193464, ,rail,10.3927002
145,90193485, ,rail,0.6352400
146,90193536, ,rail,20.6618004
147,93151629, ,rail,0.0750279
148,93151644, ,rail,1.7732199
149,93219393, ,rail,0.0912745
150,93219395, ,rail,0.4220880
151,93219412, ,rail,0.0779018
152,93219422, ,rail,1.3050900
153,93219425, ,rail,0.1250370
154,93219427, ,rail,0.5687880
155,93219436, ,rail,1.8756599
156,95670139, ,rail,45.3157997
157,95670658, ,rail,7.4318700
158,95785797, ,rail,0.3212310
159,95785799, ,rail,0.1902330
160,95805747, ,rail,0.9115930
161,95805748, ,rail,1.0104500
162,95805749, ,rail,0.9246030
163,95918452, ,rail,0.3053500
164,95919679, ,rail,1.2015700
165,95919680, ,rail,1.0887100
166,95942058, ,rail,0.0577918
167,95942059, ,rail,1.4007300
168,95942066, ,rail,4.9896798
169,96826330, ,rail,0.4009630
170,96826333, ,rail,1.6038800
171,98619875, ,rail,0.0481081
172,98619876, ,rail,0.7617610
173,100042716, ,rail,0.0790169
174,100042720, ,rail,0.3195730
175,102695388, ,rail,11.1070995
176,102695433, ,rail,0.0454689
177,105020731, ,rail,1.1292000
178,105020747, ,rail,0.1358970
179,105020753, ,rail,21.1541996
180,105020775, ,rail,14.1775999
181,105020777, ,rail,0.8768240
182,105020781, ,rail,0.7892860
183,105020785, ,rail,0.0570438
184,105020789, ,rail,0.2527020
185,105623001, ,rail,0.4864460
186,105623002, ,rail,0.5459910
187,106306178, ,rail,1.0068700
188,106306185, ,rail,1.9085701
189,106306188, ,rail,0.0708801
190,108159114, ,rail,0.5171830
191,108159116, ,rail,1.2848300
192,108159118, ,rail,1.3582400
193,108159122, ,rail,1.3168600
194,108159142, ,rail,1.7053699
195,108199198, ,rail,59.9132004
196,108199207, ,rail,0.2452550
197,108217837, ,rail,1.1491899
198,108217841, ,rail,9.9841099
199,108217843, ,rail,0.0458127
200,108217846, ,rail,0.9984790
201,108226681, ,rail,0.8775600
202,108226689, ,rail,0.0296277
203,108226697, ,rail,0.1126960
204,108226711, ,rail,46.4431992
205,108231178, ,rail,0.2764630
206,108231179, ,rail,1.0622000
207,108231186, ,rail,1.1523700
208,108231216, ,rail,0.7401850
209,108231218, ,rail,0.9232200
210,108231230, ,rail,0.0440014
211,108231265, ,rail,0.5105340
212,108231283, ,rail,1.0909700
213,108644794, ,rail,0.5333730
214,109073676, ,rail,2.3086400
215,109073693, ,rail,0.0700648
216,109316110, ,rail,0.1047660
217,109316213, ,rail,1.9972500
218,110080727, ,rail,0.9191250
219,110080739, ,rail,1.0876499
220,110080749, ,rail,0.6936280
221,119963541, ,rail,52.6921005
222,120140689, ,rail,7.2758498
223,126609136, ,rail,0.5781380
224,126609139, ,rail,0.8335510
225,126609140, ,rail,1.3047600
226,126609142, ,rail,0.3084340
227,126609143, ,rail,0.3513430
228,126609144, ,rail,0.2860720
229,129582711, ,platform,0.1576230
230,129745258, ,rail,11.8474998
231,131267164, ,rail,0.0304541
232,131267167, ,rail,5.6949301
233,131267169, ,rail,5.9444399
234,131267170, ,rail,1.9646900
235,133284701, ,tram,0.0739449
236,134691179, ,rail,0.1509570
237,134691180, ,rail,0.1315980
238,134691181, ,rail,4.8405499
239,134691182, ,rail,0.0901000
240,134691183, ,rail,0.0792607
241,134691184, ,rail,21.7493000
242,134691185, ,rail,5.4071102
243,134691186, ,rail,2.0656099
244,134691187, ,rail,0.4599260
245,134691188, ,rail,21.2138004
246,134691189, ,rail,1.9140900
247,134691190, ,rail,0.6663780
248,134691192, ,rail,0.2372920
249,134691193, ,rail,0.0807617
250,134691194, ,rail,0.0896357
251,134691195, ,rail,0.0355939
252,134691196, ,rail,2.7894499
253,134691198, ,rail,4.6167002
254,134691199, ,rail,0.0628000
255,134691200, ,rail,0.0994633
256,134691201, ,rail,0.0368861
257,134691202, ,rail,0.0732005
258,134691203, ,rail,0.0699245
259,134691204, ,rail,5.1536398
260,134691205, ,rail,0.0795772
261,134691206, ,rail,0.5409060
262,134691207, ,rail,0.0592234
263,134691208, ,rail,0.1882490
264,134691209, ,rail,0.5868820
265,134691210, ,rail,0.3101530
266,134691211, ,rail,3.6822500
267,134691212, ,rail,1.3714200
268,134691213, ,rail,3.1945100
269,134691214, ,rail,0.1074030
270,134691215, ,rail,1.1052001
271,134691217, ,rail,1.9614800
272,134691218, ,rail,4.1751099
273,134691219, ,rail,0.0657986
274,134691220, ,rail,0.8111710
275,134691221, ,rail,0.1475030
276,134691222, ,rail,3.4650300
277,134691223, ,rail,0.0718641
278,134691224, ,rail,0.0783345
279,134693381, ,rail,2.6230299
280,134693383, ,rail,0.8823710
281,134697685, ,rail,0.0246094
282,134697686, ,rail,1.5661900
283,134697687, ,rail,0.1260760
284,134697688, ,rail,0.5098260
285,134697689, ,rail,1.6307400
286,134697690, ,rail,1.6884400
287,134697691, ,rail,0.2985630
288,134697692, ,rail,1.1187400
289,134697693, ,rail,0.8296280
290,134697694, ,rail,0.0371397
291,134703414, ,rail,24.3048000
292,134703415, ,rail,11.2104998
293,134703416, ,rail,20.1061993
294,134703417, ,rail,0.0766831
295,134703418, ,rail,0.0824053
296,134703419, ,rail,0.0486387
297,134703420, ,rail,43.6283989
298,134706380, ,rail,0.1269580
299,134706381, ,rail,0.0771188
300,134706382, ,rail,0.2274260
301,134706383, ,rail,0.1599350
302,134706384, ,rail,0.0663853
303,134706385, ,rail,3.4205599
304,134706386, ,rail,1.6419100
305,134706387, ,rail,0.1660050
306,134706388, ,rail,0.0614073
307,134706389, ,rail,14.2704000
308,134706390, ,rail,17.6026993
309,134706391, ,rail,6.6497102
310,134706392, ,rail,0.1203620
311,134706751, ,rail,1.6102099
312,134740163, ,rail,15.4886999
313,134740167, ,rail,0.3178120
314,134740168, ,rail,3.9532299
315,134740171, ,rail,26.1208000
316,134740187, ,rail,3.9433601
317,134740189, ,rail,2.5082099
318,134740192, ,rail,0.1647280
319,134740193, ,rail,3.4696100
320,134740196, ,rail,0.3478260
321,134740197, ,rail,0.9056380
322,134740199, ,rail,0.1484760
323,134740200, ,rail,0.0311040
324,134740201, ,rail,0.2437200
325,134740202, ,rail,0.1907050
326,134740208, ,rail,2.7619200
327,134740209, ,rail,0.4893800
328,134740212, ,rail,0.6985720
329,134740213, ,rail,0.1823110
330,134740215, ,rail,10.0079002
331,134740219, ,rail,0.5225450
332,134740220, ,rail,3.0369000
333,134740222, ,rail,0.1524910
334,134740223, ,rail,6.4124999
335,134740225, ,rail,1.5944800
336,134743858, ,rail,2.9570799
337,134743859, ,rail,0.8586690
338,134743860, ,rail,5.8512902
339,134743861, ,rail,0.1142770
340,134743862, ,rail,2.0357800
341,134743863, ,rail,1.5624300
342,134743864, ,rail,0.4291490
343,134743865, ,rail,0.6602690
344,134743866, ,rail,2.2605400
345,134743867, ,rail,0.0916643
346,134743868, ,rail,3.4340601
347,134743869, ,rail,1.1036000
348,134743870, ,rail,0.2344910
349,134743871, ,rail,0.0579759
350,134743872, ,rail,0.0908810
351,134743873, ,rail,0.0637267
352,134743874, ,rail,0.0727031
353,134743875, ,rail,2.8596399
354,134743876, ,rail,1.5406700
355,134743877, ,rail,3.7324700
356,134743878, ,rail,0.0492837
357,134743879, ,rail,0.7861370
358,134743880, ,rail,4.9827299
359,134743881, ,rail,0.0926242
360,134743882, ,rail,0.8252300
361,134743883, ,rail,7.0465102
362,134743884, ,rail,1.0769000
363,134743885, ,rail,6.2068701
364,134743886, ,rail,1.8690500
365,134743887, ,rail,0.0916001
366,134743888, ,rail,0.1148110
367,134743889, ,rail,0.1334370
368,134743890, ,rail,0.0420887
369,134743891, ,rail,0.0757726
370,134743892, ,rail,0.1353280
371,134743893, ,rail,0.0474796
372,134743894, ,rail,0.1071430
373,134743895, ,rail,0.0596617
374,134743896, ,rail,16.2353001
375,134743897, ,rail,0.1109460
376,134751316, ,rail,0.1213060
377,134751317, ,rail,1.6520200
378,134751321, ,rail,0.6291330
379,134751322, ,rail,6.4165802
380,134751327, ,rail,0.2044530
381,134751328, ,rail,14.3706999
382,134751330, ,rail,19.9587002
383,134751331, ,rail,0.0596829
384,134751332, ,rail,0.0616151
385,134751333, ,rail,0.1364490
386,134751334, ,rail,1.8756800
387,134751335, ,rail,0.3306790
388,134751336, ,rail,1.6822400
389,134751337, ,rail,0.0305592
390,134751338, ,rail,0.0223322
391,134751339, ,rail,5.6426001
392,134751340, ,rail,0.0417036
393,134751341, ,rail,3.2506299
394,134752964, ,rail,2.9479001
395,134752966, ,rail,6.0049400
396,134752970, ,rail,0.0889031
397,134752971, ,rail,4.5076399
398,134752976, ,rail,3.0933299
399,134752979, ,rail,0.0679242
400,134752980, ,rail,0.0953184
401,134752983, ,rail,0.0513595
402,134752985, ,rail,0.1284960
403,134752987, ,rail,0.0661915
404,134752988, ,rail,0.0503063
405,134752990, ,rail,7.3790598
406,134752991, ,disused,15.4021997
407,134752992, ,rail,4.6939201
408,134752993, ,rail,0.1354020
409,134752994, ,rail,0.0498959
410,134752995, ,rail,1.1052001
411,134752996, ,rail,0.0527781
412,134752997, ,disused,1.3140100
413,134752999, ,disused,0.5211390
414,134753000, ,rail,1.9257400
415,134753001, ,rail,7.0917602
416,134753002, ,rail,35.0465012
417,134753003, ,rail,12.2510996
418,134753005, ,disused,0.1165500
419,134753006, ,rail,3.4675601
420,134753007, ,rail,8.3287897
421,134753009, ,rail,1.8472500
422,134753010, ,rail,7.2893100
423,134753011, ,rail,0.1269970
424,134753012, ,rail,4.6122398
425,134753014, ,rail,0.4076880
426,134753015, ,rail,0.1011120
427,134753016, ,rail,0.1220530
428,134753017, ,rail,0.0541004
429,134753018, ,rail,0.0714988
430,134753019, ,disused,2.2598901
431,134753020, ,disused,0.0685341
432,134753021, ,rail,5.1204600
433,134753022, ,rail,0.1346000
434,134753023, ,rail,26.1695995
435,134773967, ,rail,0.0739973
436,134773968, ,rail,59.3035011
437,134773969, ,rail,0.0367163
438,134773970, ,rail,26.5156002
439,134773971, ,rail,9.3731699
440,134773975, ,rail,0.1287810
441,134773976, ,rail,0.0657188
442,134773977, ,rail,71.8750992
443,134773978, ,rail,6.6658602
444,134773979, ,rail,2.0913999
445,134773980, ,rail,0.3928120
446,134773981, ,rail,51.9441986
447,134773986, ,rail,6.1481800
448,134773990, ,rail,0.0209088
449,134773992, ,rail,6.2517800
450,134773993, ,rail,3.4867799
451,134773994, ,rail,0.0414861
452,134773995, ,rail,0.0541018
453,134773996, ,rail,0.0713036
454,134795333, ,rail,0.0456226
455,134795334, ,rail,0.4351540
456,134795335, ,rail,1.9715500
457,134795336, ,rail,0.3689540
458,134795337, ,rail,2.2012899
459,134795338, ,rail,0.4424550
460,134795339, ,rail,2.4384401
461,134795340, ,rail,2.2863300
462,134795341, ,rail,4.9998202
463,134795342, ,rail,0.3211220
464,134795343, ,rail,0.5818630
465,134795344, ,rail,0.6888600
466,134795345, ,rail,0.5115700
467,134795346, ,rail,1.6403000
468,134795347, ,rail,0.2535300
469,134795348, ,rail,0.1074100
470,134795349, ,rail,1.2224100
471,134797791, ,rail,0.1970620
472,134797792, ,rail,1.0319999
473,134797793, ,rail,5.0538998
474,134797794, ,rail,0.2063580
475,134797795, ,rail,15.2237997
476,134797796, ,rail,0.1175720
477,134797797, ,rail,0.1074080
478,134797798, ,rail,0.2855730
479,134797799, ,rail,3.8720200
480,136081616, ,rail,6.4782300
481,137318457, ,rail,0.2182520
482,137318466, ,rail,24.1303005
483,138579221, ,rail,0.0331599
484,138579234, ,rail,10.5969000
485,138950860, ,rail,0.4829030
486,138980607, ,rail,0.0540134
487,138980615, ,rail,11.8136997
488,139402563, ,rail,0.0473975
489,139402571, ,rail,42.3968010
490,139534656, ,rail,0.6221570
491,139534657, ,rail,4.0766602
492,139534662, ,rail,1.4542800
493,139534665, ,rail,0.0275804
494,139534668, ,rail,24.0058994
495,139534683, ,rail,4.7905998
496,139536821, ,rail,5.0660400
497,139537191, ,rail,2.7771900
498,139537193, ,rail,5.5740399
499,139833786, ,rail,0.0679839
500,139833794, ,rail,20.2949009
501,140591109, ,rail,1.0612500
502,140591117, ,rail,1.1287301
503,140643224, ,rail,6.8446498
504,140643225, ,rail,16.0249996
505,140643227, ,rail,1.4406000
506,140654848, ,rail,0.0341409
507,140654854, ,rail,1.1595500
508,140654860, ,rail,3.8562100
509,140654868, ,rail,0.0372082
510,142037581, ,rail,1.6639800
511,142037586, ,rail,0.0492904
512,142372979, ,rail,59.0922012
513,142528414, ,rail,22.1725006
514,142528420, ,rail,0.0155639
515,142663736, ,rail,0.3620760
516,142663737, ,rail,4.2997799
517,142663738, ,rail,13.5325003
518,144035458, ,rail,5.0455399
519,144442190, ,rail,3.3263099
520,144442191, ,rail,0.7704210
521,152500611, ,rail,0.0754806
522,152500614, ,rail,0.2920180
523,152500616, ,tram,1.9755100
524,152500618, ,tram,4.5611200
525,152500621, ,tram,6.6574001
526,152606700, ,tram,2.1397400
527,152606703, ,tram,1.9857600
528,152606705, ,tram,2.7317300
529,152606709, ,tram,0.0890797
530,152611267, ,tram,0.9490500
531,152611268, ,tram,0.0468863
532,156819618, ,rail,1.2179000
533,156819626, ,rail,0.0728239
534,156819640, ,rail,12.8481998
535,156819644, ,rail,0.0744580
536,157453285, ,rail,0.1455100
537,157453581, ,rail,2.8505900
538,157756684, ,rail,18.2348995
539,157756699, ,rail,0.0438754
540,159215543, ,rail,0.0528078
541,159215544, ,rail,0.5710130
542,160507868,Pont Moulay El Hassan,tram,0.7463450
543,164157927, ,rail,0.0503709
544,164157928, ,rail,0.0238937
545,164157929, ,rail,0.1606990
546,164157930, ,rail,0.7484020
547,164157931, ,rail,17.7315006
548,167016100, ,rail,0.4144590
549,167016104, ,rail,3.8652000
550,167016106, ,rail,0.0218802
551,167016118, ,rail,0.5625960
552,167016126, ,rail,16.4780006
553,167016149, ,rail,0.0476158
554,167016165, ,rail,0.0513715
555,167016167, ,rail,0.2923990
556,167022529, ,rail,1.0536400
557,167022531, ,rail,1.9260200
558,167022532, ,rail,0.0732433
559,167022533, ,rail,1.1704800
560,167022534, ,rail,0.2796800
561,167022536, ,rail,0.1074560
562,167022546, ,rail,2.2696300
563,167022548, ,rail,17.3673000
564,167022553, ,rail,1.0562000
565,167022559, ,rail,0.0716754
566,167022564, ,rail,0.1213130
567,167022565, ,rail,2.8435600
568,167022568, ,rail,0.4556100
569,169308012, ,rail,0.0389528
570,169308013, ,rail,87.4572983
571,172191600, ,rail,0.3457460
572,172191603, ,rail,0.3814020
573,172191605, ,rail,0.4530340
574,172191607, ,rail,0.4132080
575,172191609, ,rail,0.6720190
576,172191610, ,rail,0.7405340
577,172191611, ,rail,0.0710775
578,172191612, ,rail,0.0677534
579,172191613, ,rail,0.0501910
580,172191614, ,rail,0.0426373
581,172191615, ,rail,0.0730369
582,172191616, ,rail,0.3680740
583,172191617, ,rail,1.2918400
584,172191618, ,rail,0.0584283
585,172191619, ,rail,1.4291500
586,172191620, ,rail,0.1374210
587,172191621, ,rail,0.2451030
588,172191622, ,rail,0.2397980
589,172191623, ,rail,0.1826270
590,172191624, ,rail,1.2950300
591,172991990, ,rail,26.8094997
592,172991996, ,rail,0.0997192
593,172992011, ,rail,0.3424220
594,172993520, ,rail,22.7318993
595,172993522, ,rail,0.0260246
596,173952336, ,rail,1.4883100
597,173952337, ,rail,1.7663500
598,173952338, ,rail,1.3606600
599,173952339, ,rail,0.0483786
600,173952340, ,rail,0.0353958
601,173952341, ,rail,0.6938780
602,173952342, ,rail,1.2450200
603,173952343, ,rail,0.3105110
604,173952345, ,rail,0.0547056
605,173952347, ,rail,0.0569564
606,173952348, ,rail,0.1762760
607,173952349, ,rail,0.1343080
608,173952350, ,rail,1.1148500
609,173952351, ,rail,1.1027499
610,173952352, ,rail,0.0316643
611,173952353, ,rail,1.0321000
612,173952356, ,rail,0.5655350
613,173952357, ,rail,1.2650700
614,173952358, ,rail,0.9820580
615,173952359, ,rail,0.9700130
616,173952360, ,rail,1.1809500
617,173952363, ,rail,1.2869800
618,173952365, ,rail,2.1467099
619,173952366, ,rail,1.2156900
620,174115047, ,rail,0.0542322
621,174115049, ,rail,0.0605602
622,174115050, ,rail,2.8406000
623,174115053, ,rail,0.4982760
624,180928137, ,rail,8.1563101
625,180928138, ,rail,0.1470350
626,180929076, ,rail,0.0391677
627,180929077, ,rail,12.8437996
628,185915155, ,rail,0.0619544
629,185915161, ,rail,14.6176004
630,193487606, ,abandoned,0.0431295
631,193487607, ,abandoned,0.3376210
632,193487608, ,abandoned,0.3253120
633,197830857, ,rail,1.3601500
634,203414736, ,rail,0.6341020
635,203414762, ,rail,0.8400690
636,203414770, ,rail,0.5788370
637,203414776, ,rail,0.1855650
638,203414784, ,rail,2.1829700
639,203414785, ,rail,10.0725002
640,203414786, ,rail,0.1898740
641,203414788, ,rail,1.0651300
642,204017794, ,rail,0.0415776
643,204017796, ,rail,35.4677010
644,205290547, ,rail,2.9714000
645,205635864,Chemin de fer Méditerranée-Niger,abandoned,1.0574700
646,205635865,Chemin de fer Méditerranée-Niger,abandoned,0.0166336
647,205635866,Chemin de fer Méditerranée-Niger,abandoned,0.0105653
648,205635867,Chemin de fer Méditerranée-Niger,abandoned,2.2898400
649,205635868,Chemin de fer Méditerranée-Niger,abandoned,0.0158097
650,205635869,Chemin de fer Méditerranée-Niger,abandoned,3.0007200
651,205635870,Chemin de fer Méditerranée-Niger,abandoned,12.5279999
652,205671825,Chemin de fer Méditerranée-Niger,abandoned,2.2454801
653,205671826,Chemin de fer Méditerranée-Niger,abandoned,0.0095227
654,205671827,Chemin de fer Méditerranée-Niger,abandoned,0.0243214
655,205671828,Chemin de fer Méditerranée-Niger,abandoned,1.2027000
656,205672542,Chemin de fer Méditerranée-Niger,abandoned,0.4119820
657,205672543,Chemin de fer Méditerranée-Niger,abandoned,3.6912401
658,205672544,Chemin de fer Méditerranée-Niger,abandoned,0.8488240
659,205672545,Chemin de fer Méditerranée-Niger,abandoned,1.6358900
660,205672546,Chemin de fer Méditerranée-Niger,abandoned,3.0818501
661,205672547,Chemin de fer Méditerranée-Niger,abandoned,0.0218214
662,205672548,Chemin de fer Méditerranée-Niger,abandoned,0.0129457
663,205672549,Chemin de fer Méditerranée-Niger,abandoned,0.0191990
664,205672550,Chemin de fer Méditerranée-Niger,abandoned,0.0596881
665,205672551,Chemin de fer Méditerranée-Niger,abandoned,0.0188091
666,205672552,Chemin de fer Méditerranée-Niger,abandoned,0.0721077
667,205672553,Chemin de fer Méditerranée-Niger,abandoned,0.0166309
668,205672554,Chemin de fer Méditerranée-Niger,abandoned,2.5425799
669,205672555,Chemin de fer Méditerranée-Niger,abandoned,8.2080202
670,205737214,Chemin de fer Méditerranée-Niger,abandoned,1.2139699
671,205737215,Chemin de fer Méditerranée-Niger,abandoned,3.0981500
672,205737216,Chemin de fer Méditerranée-Niger,abandoned,0.0139238
673,205737217,Chemin de fer Méditerranée-Niger,abandoned,0.0233241
674,205737218,Chemin de fer Méditerranée-Niger,abandoned,0.0349586
675,205737219,Chemin de fer Méditerranée-Niger,abandoned,0.0253182
676,205737220,Chemin de fer Méditerranée-Niger,abandoned,0.0268294
677,205737221,Chemin de fer Méditerranée-Niger,abandoned,87.2583008
678,205737223,Chemin de fer Méditerranée-Niger,abandoned,5.5345402
679,205737224,Chemin de fer Méditerranée-Niger,abandoned,55.1699982
680,206273366, ,rail,1.9591800
681,207073886, ,rail,0.0685447
682,207073895, ,rail,3.2251401
683,207823861, ,rail,0.0690078
684,207823862, ,rail,2.8132701
685,207823868, ,rail,0.6453930
686,207823871, ,rail,2.2309999
687,208303952, ,rail,0.1992790
688,208303970, ,rail,2.1558499
689,210085137, ,rail,5.5387502
690,210085138, ,rail,21.8775005
691,210085139, ,rail,0.0464466
692,210085140, ,rail,0.0274862
693,210085141, ,rail,0.1902440
694,210085142, ,rail,45.7773018
695,210439198, ,rail,19.7087994
696,210439199, ,rail,0.0342676
697,213915583, ,tram,19.4992008
698,213915585, ,tram,9.6343098
699,213915586, ,tram,19.5011005
700,213915587, ,tram,7.1227498
701,213915589, ,tram,7.1195202
702,214838838, ,tram,0.0079770
703,215319365, ,rail,0.0246211
704,215319370, ,rail,3.8680201
705,216023459, ,rail,0.0376608
706,216023460, ,rail,0.9041520
707,216023461, ,rail,1.6408200
708,220693658, ,rail,0.0808789
709,220694425, ,rail,3.5688200
710,220694429, ,rail,3.0565300
711,220694676, ,rail,0.5314240
712,220694888, ,rail,0.2984740
713,220699458, ,disused,0.1273730
714,220699464, ,disused,0.2691360
715,220700937, ,rail,0.5706590
716,220702020, ,platform,0.7542580
717,220702022, ,platform,0.7698160
718,220704254, ,rail,0.0401635
719,220704256, ,rail,3.0528800
720,220704261, ,rail,4.8501501
721,220706958, ,rail,0.0084487
722,220711535, ,construction,0.0513787
723,220712560, ,rail,7.2594399
724,220712561, ,rail,1.2353600
725,220712562, ,rail,0.0084131
726,220712564, ,rail,0.0084858
727,220712566, ,proposed,0.0084131
728,220712567, ,rail,0.0084858
729,220712908, ,proposed,1.2345099
730,220712909, ,proposed,0.4114460
731,220713837, ,construction,0.0113900
732,220713842, ,proposed,3.3953500
733,220713844, ,rail,0.0113819
734,220713848, ,rail,3.3899100
735,220714751, ,rail,0.0299391
736,220714758, ,rail,1.3907800
737,220715362, ,construction,0.0299480
738,220715978, ,proposed,1.3842000
739,220717293, ,platform,0.7638160
740,220717294, ,platform,0.7580820
741,220717296, ,proposed,0.5641720
742,220718507, ,proposed,3.9071400
743,220725972, ,rail,0.0357365
744,220727936, ,proposed,2.6128299
745,220727937, ,construction,0.0648213
746,220727938, ,rail,0.0943285
747,220727939, ,rail,2.5905399
748,220736180, ,platform,0.9006970
749,220736184, ,platform,0.9035010
750,220737350, ,rail,1.2741200
751,220737361, ,rail,0.0071018
752,220737879, ,proposed,1.2748100
753,220737880, ,construction,0.0067606
754,220738460, ,proposed,5.0508099
755,220739390, ,construction,0.0084487
756,220739917, ,proposed,1.8426100
757,220740052, ,rail,1.8258100
758,220741583, ,rail,1.2147599
759,220741584, ,rail,1.0182300
760,220741585, ,rail,1.2492800
761,220741586, ,rail,2.1603000
762,220741932, ,platform,1.2278700
763,220741933, ,platform,1.2097000
764,220742582, ,rail,0.5938030
765,220742583, ,abandoned,0.0746377
766,220742584, ,rail,0.3237360
767,220742585, ,abandoned,0.1354880
768,220759541, ,rail,0.2150490
769,220759542, ,construction,0.0218802
770,220759543, ,rail,0.0986253
771,220759544, ,construction,0.0476158
772,220759545, ,construction,0.0986253
773,220884087, ,platform,0.7767580
774,220884093, ,platform,0.7689480
775,220884094, ,rail,0.0096715
776,220884099, ,rail,0.2497610
777,220884105, ,rail,0.0108722
778,220884112, ,rail,5.9037099
779,220933458, ,rail,3.4565001
780,220934919, ,rail,0.3781580
781,220934922, ,rail,0.6200090
782,221029729, ,rail,3.6623099
783,221029730, ,rail,0.0120921
784,221324045, ,rail,0.0149230
785,221324050, ,rail,1.9689100
786,221324051, ,rail,0.0124080
787,221324053, ,rail,0.5019540
788,221325346, ,platform,0.7526020
789,221325348, ,rail,0.0111514
790,221325352, ,platform,0.7897110
791,221325364, ,rail,1.6914901
792,221345924, ,rail,1.6370200
793,221345927, ,rail,0.0098674
794,221345931, ,rail,0.0107343
795,221345938, ,rail,2.2975299
796,221346707, ,rail,0.0121650
797,221346709, ,rail,1.7446200
798,221346712, ,rail,0.6257190
799,221346714, ,rail,0.0142178
800,221362232, ,rail,0.0078156
801,221362241, ,rail,0.0995915
802,221362342, ,rail,0.5112940
803,221362344, ,rail,0.0067129
804,221362776, ,platform,0.7688110
805,221362809, ,platform,0.7602690
806,221364123, ,rail,0.1509500
807,221367631, ,rail,1.0906500
808,221368405, ,rail,0.0123970
809,221368413, ,rail,2.9984601
810,221370304, ,rail,3.8745000
811,221370305, ,rail,0.0105065
812,221370309, ,rail,0.0093844
813,221370314, ,rail,1.3406301
814,221454137, ,rail,2.4736400
815,221454139, ,rail,0.0138957
816,222360602, ,rail,0.7203130
817,223259903, ,rail,0.0349974
818,223259904, ,rail,0.2284360
819,224014064, ,rail,1.9104800
820,224014067, ,rail,1.3985800
821,224014068, ,rail,1.3168499
822,224014070, ,rail,0.1339180
823,224014071, ,rail,2.7939200
824,224019814, ,rail,0.0394787
825,224019815, ,rail,3.8099799
826,224019817, ,rail,1.3175300
827,224019819, ,rail,7.9033999
828,224408506, ,abandoned,24.8260994
829,224408507, ,abandoned,1.6761900
830,224408508, ,rail,0.1277360
831,224408509, ,abandoned,1.7556300
832,224408510, ,abandoned,0.2890380
833,224408511, ,abandoned,0.7354200
834,224408512, ,rail,0.2847310
835,224408513, ,rail,0.3111990
836,224408514, ,abandoned,36.3681984
837,224408872, ,abandoned,5.7245302
838,224408873, ,abandoned,1.0033600
839,233511224, ,rail,0.3973200
840,233511226, ,rail,0.3292540
841,233750883, ,rail,0.5581650
842,233750884, ,rail,0.1618030
843,233750885, ,rail,1.1402400
844,234344812, ,rail,0.2604650
845,234344813, ,rail,0.4330600
846,234344814, ,rail,0.3632440
847,234617361, ,rail,0.0302285
848,234617364, ,rail,0.7911910
849,237354342, ,rail,0.0119965
850,237354343, ,rail,0.1530630
851,243430555, ,tram,9.6215200
852,249818517, ,rail,0.6399080
853,249818565, ,rail,1.3311300
854,249818567, ,rail,0.4011300
855,251573481, ,rail,0.1630700
856,253279218, ,rail,12.8785000
857,253279219, ,rail,13.4659004
858,254079753, ,rail,0.1907170
859,254079754, ,rail,3.4931600
860,256539078,Ligne à Grande Vitesse [LGV] Tanger - Kénitra,construction,52.5602989
861,256539095,Ligne à Grande Vitesse [LGV] Tanger - Kénitra,construction,34.9249001
862,256539143,Ligne à Grande Vitesse [LGV] Tanger - Kénitra,construction,93.5494003
863,256899848, ,rail,0.0524643
864,256899884, ,rail,29.1812992
865,257792936, ,rail,41.9249001
866,257792947, ,rail,0.0759272
867,258203157, ,rail,4.2442799
868,258203188, ,rail,0.0507285
869,258385033,Nouvelle Gare Routière,station,0.5785230
870,258394448, ,station,0.1893640
871,259489093,gare routière,station,0.4146880
872,265482229, ,rail,0.7568340
873,265482230, ,rail,0.6241260
874,266719453, ,rail,1.5010600
875,266719454, ,rail,0.2524660
876,287541793, ,abandoned,0.7649920
877,287541795, ,abandoned,2.5894301
878,287541796, ,abandoned,2.7571800
879,287541798, ,abandoned,1.6920100
880,287541800, ,abandoned,0.5028500
881,287541801, ,abandoned,1.7728300
882,287541802, ,abandoned,2.4303100
883,287541804, ,abandoned,1.1293800
884,287541805, ,abandoned,0.0976490
885,287543042, ,abandoned,6.4714198
886,287543043, ,abandoned,5.6955700
887,287543045, ,abandoned,2.4488399
888,287543046, ,abandoned,1.5470999
889,287543047, ,abandoned,1.3931201
890,287543048, ,abandoned,7.8457198
891,287543049, ,abandoned,7.2696800
892,287543050, ,abandoned,0.1601500
893,287549611, ,abandoned,1.0184100
894,287549612, ,abandoned,0.3884870
895,287549613, ,abandoned,2.4816699
896,287549614, ,abandoned,8.3318901
897,287549615, ,abandoned,0.1058430
898,287549617, ,abandoned,0.3446340
899,287549618, ,abandoned,10.4238997
900,287549620, ,abandoned,0.6445720
901,287549621, ,abandoned,0.0376362
902,287549623, ,abandoned,4.1893301
903,287549624, ,abandoned,1.1204200
904,287549625, ,abandoned,3.2778699
905,287549626, ,abandoned,3.6295900
906,287549627, ,abandoned,0.9496270
907,287549628, ,abandoned,9.4316902
908,287549630, ,abandoned,0.3574010
909,287549631, ,abandoned,0.1055930
910,287549632, ,abandoned,0.7213430
911,287549633, ,abandoned,0.3174780
912,287549635, ,abandoned,0.5025510
913,288715977, ,rail,0.0239920
914,288715997, ,rail,5.1772799
915,290615892, ,rail,5.4793301
916,292733502, ,disused,0.7335150
917,292733503, ,disused,0.0637884
918,293629374, ,tram,0.7386820
919,293629375, ,tram,0.2655760
920,293629376, ,tram,6.5418701
921,293629377, ,tram,0.1054990
922,293629378, ,tram,0.2706790
923,293629379, ,tram,0.0524108
924,293629380, ,tram,1.9871200
925,293629381, ,tram,2.1301301
926,293629382, ,tram,2.7293301
927,293629383, ,tram,0.0507209
928,293629384, ,tram,0.2736940
929,293629385, ,tram,0.0835963
930,293629386, ,tram,0.2760080
931,293629387, ,tram,0.0759555
932,293629388, ,tram,0.0387063
933,293629389, ,tram,0.7538530
934,293631600, ,tram,6.6646900
935,295309049, ,rail,1.3205900
936,295309050, ,rail,0.0146265